09/29/2020, 17:56:53 : yoc_live,39,64,01,00,00,00,00,00,00,01,00,01,00,00,00,00,00,00,3c,00,00,1bd,00,00,00,00,
09/29/2020, 17:56:54 : yoc_live,39,64,01,00,00,00,00,00,00,01,00,01,00,00,00,00,00,00,3c,00,00,135,00,00,00,00,
09/29/2020, 17:56:54 : yoc_live,39,64,01,00,00,00,00,00,00,01,00,01,00,00,00,00,00,00,3c,00,00,7a,00,00,00,00,
09/29/2020, 17:56:59 : yoc_live,39,64,01,00,00,00,00,00,00,01,00,01,00,00,00,00,00,00,3c,00,00,84,00,00,00,00,
09/29/2020, 17:57:04 : yoc_live,39,64,02,00,00,00,00,00,00,01,00,01,00,00,00,00,00,00,3b,00,00,8b,00,00,00,00,
09/29/2020, 17:57:05 : yoc_live,39,64,02,00,00,00,00,00,00,01,00,01,00,00,00,00,00,00,3b,00,00,ce5,00,00,00,00,
09/29/2020, 17:57:05 : yoc_live,39,64,02,00,00,00,00,00,00,01,00,01,00,00,00,00,00,00,3b,00,00,105c,00,00,00,00,
09/29/2020, 17:57:05 : yoc_live,39,64,02,00,00,00,00,00,00,01,00,01,00,00,00,00,00,00,3b,00,00,491,00,00,00,00,
09/29/2020, 17:57:05 : yoc_live,39,64,02,00,00,00,00,00,00,01,00,01,00,00,00,00,00,00,3b,00,00,3e4,00,00,00,00,
09/29/2020, 17:57:08 : yoc_live,39,64,01,00,00,00,00,00,00,01,00,01,00,00,00,00,00,00,3b,00,00,468,00,00,00,00,
09/29/2020, 17:57:08 : yoc_live,39,64,01,00,00,00,00,00,00,01,00,01,00,00,00,00,00,00,3b,00,00,271,00,00,00,00,
09/29/2020, 17:57:09 : yoc_live,39,64,01,00,00,00,00,00,00,01,00,01,00,00,00,00,00,00,3b,00,00,e0,00,00,00,00,
09/29/2020, 17:57:23 : yoc_live,39,64,01,00,00,00,00,00,00,01,00,02,00,00,00,00,00,00,3a,00,00,8b,00,00,00,00,
09/29/2020, 17:57:23 : yoc_live,39,64,01,00,00,00,00,00,00,01,00,02,00,00,00,00,00,00,3a,00,00,8c4,00,00,00,00,
09/29/2020, 17:57:23 : yoc_live,39,64,01,00,00,00,00,00,00,01,00,02,00,00,00,00,00,00,3a,00,00,94c,00,00,00,00,
09/29/2020, 17:57:33 : yoc_live,39,64,01,00,00,00,00,00,00,01,00,02,00,00,00,00,00,00,39,00,00,956,00,00,00,00,
09/29/2020, 18:02:23 : yoc_live,3a,64,01,00,00,00,00,00,00,01,00,02,00,00,00,00,00,00,37,00,00,94c,00,00,00,00,
09/29/2020, 18:07:13 : yoc_live,3b,64,01,00,00,00,00,00,00,01,00,02,00,00,00,00,00,00,38,00,00,930,00,00,00,00,
09/29/2020, 18:12:03 : yoc_live,3b,64,01,00,00,00,00,00,00,01,00,02,00,00,00,00,00,00,39,00,00,94f,00,00,00,00,
09/29/2020, 18:16:53 : yoc_live,3c,64,01,00,00,00,00,00,00,01,00,02,00,00,00,00,00,00,3a,00,00,94f,00,00,00,00,
09/29/2020, 18:21:43 : yoc_live,3c,64,01,00,00,00,00,00,00,01,00,02,00,00,00,00,00,00,3b,00,00,960,00,00,00,00,
09/29/2020, 18:22:31 : yoc_live,3c,64,02,00,00,00,00,00,00,01,00,02,00,00,00,00,00,00,3b,00,00,956,00,00,00,00,
09/29/2020, 18:22:31 : yoc_live,3c,64,02,00,00,00,00,00,00,01,00,02,00,00,00,00,00,00,3b,00,00,1048,00,00,00,00,
09/29/2020, 18:22:31 : yoc_live,3c,64,02,00,00,00,00,00,00,01,00,02,00,00,00,00,00,00,3b,00,00,6630,00,00,00,00,
09/29/2020, 18:22:31 : yoc_live,3c,64,02,00,00,00,00,00,00,01,00,02,00,00,00,00,00,00,3b,00,00,e65,00,00,00,00,
09/29/2020, 18:22:31 : yoc_live,3c,64,02,00,00,00,00,00,00,01,00,02,00,00,00,00,00,00,3b,00,00,cd4,00,00,00,00,
09/29/2020, 18:22:31 : yoc_live,3c,64,02,02,00,00,00,00,00,01,00,02,00,00,00,00,00,00,3b,00,00,d30,00,00,00,00,
09/29/2020, 18:22:31 : yoc_live,3c,64,02,02,00,00,00,00,00,01,00,02,00,00,00,00,00,00,3b,00,00,fa8,00,00,00,00,
09/29/2020, 18:22:31 : yoc_live,3c,64,02,02,00,00,00,00,00,01,00,02,00,00,00,00,00,00,3b,00,00,6636,00,00,00,00,
09/29/2020, 18:22:31 : yoc_live,3c,64,02,02,00,00,00,00,00,01,00,02,00,00,00,00,00,00,3b,00,00,1257,00,00,00,00,
09/29/2020, 18:22:31 : yoc_live,3c,64,02,02,00,00,00,00,00,01,00,02,00,00,00,00,00,00,3b,00,00,f35,00,00,00,00,
09/29/2020, 18:22:32 : yoc_live,3c,64,02,02,02,00,00,00,00,01,00,02,00,00,00,00,00,00,3b,00,00,fb2,00,00,00,00,
09/29/2020, 18:22:32 : yoc_live,3c,64,02,02,02,00,00,00,00,01,00,02,00,00,00,00,00,00,3b,00,00,12e2,00,00,00,00,
09/29/2020, 18:22:32 : yoc_live,3c,64,02,02,02,00,00,00,00,01,00,02,00,00,00,00,00,00,3b,00,00,663a,00,00,00,00,
09/29/2020, 18:22:32 : yoc_live,3c,64,02,02,02,00,00,00,00,01,00,02,00,00,00,00,00,00,3b,00,00,6636,00,00,00,00,
09/29/2020, 18:22:32 : yoc_live,3c,64,02,02,02,00,00,00,00,01,00,02,00,00,00,00,00,00,3b,00,00,12a2,00,00,00,00,
09/29/2020, 18:23:38 : yoc_live,3d,64,02,02,00,00,00,00,00,01,00,02,00,00,00,00,00,00,3b,00,00,12cb,00,00,00,00,
09/29/2020, 18:23:38 : yoc_live,3d,64,02,02,00,00,00,00,00,01,00,02,00,00,00,00,00,00,3b,00,00,115f,00,00,00,00,
09/29/2020, 18:23:38 : yoc_live,3d,64,02,00,00,00,00,00,00,01,00,02,00,00,00,00,00,00,3b,00,00,115f,00,00,00,00,
09/29/2020, 18:23:38 : yoc_live,3d,64,02,00,00,00,00,00,00,01,00,02,00,00,00,00,00,00,3b,00,00,d99,00,00,00,00,
09/29/2020, 18:23:40 : yoc_live,3d,64,01,00,00,00,00,00,00,01,00,02,00,00,00,00,00,00,3b,00,00,d30,00,00,00,00,
09/29/2020, 18:23:40 : yoc_live,3d,64,01,00,00,00,00,00,00,01,00,02,00,00,00,00,00,00,3b,00,00,b57,00,00,00,00,
09/29/2020, 18:23:40 : yoc_live,3d,64,01,00,00,00,00,00,00,01,00,02,00,00,00,00,00,00,3b,00,00,996,00,00,00,00,
09/29/2020, 18:23:44 : yoc_live,3d,64,02,00,00,00,00,00,00,01,00,02,00,00,00,00,00,00,3b,00,00,959,00,00,00,00,
09/29/2020, 18:23:44 : yoc_live,3d,64,02,00,00,00,00,00,00,01,00,02,00,00,00,00,00,00,3b,00,00,1063,00,00,00,00,
09/29/2020, 18:23:44 : yoc_live,3d,64,02,00,00,00,00,00,00,01,00,02,00,00,00,00,00,00,3b,00,00,6630,00,00,00,00,
09/29/2020, 18:23:45 : yoc_live,3d,64,02,00,00,00,00,00,00,01,00,02,00,00,00,00,00,00,3b,00,00,e84,00,00,00,00,
09/29/2020, 18:23:45 : yoc_live,3d,64,02,00,00,00,00,00,00,01,00,02,00,00,00,00,00,00,3b,00,00,cde,00,00,00,00,
09/29/2020, 18:23:50 : yoc_live,3d,64,01,00,00,00,00,00,00,01,00,02,00,00,00,00,00,00,3b,00,00,d2c,00,00,00,00,
09/29/2020, 18:23:50 : yoc_live,3d,64,01,00,00,00,00,00,00,01,00,02,00,00,00,00,00,00,3b,00,00,c31,00,00,00,00,
09/29/2020, 18:23:51 : yoc_live,3d,64,01,00,00,00,00,00,00,01,00,02,00,00,00,00,00,00,3b,00,00,996,00,00,00,00,
09/29/2020, 18:24:01 : yoc_live,3d,64,02,00,00,00,00,00,00,01,00,02,00,00,00,00,00,00,3b,00,00,926,00,00,00,00,
09/29/2020, 18:24:01 : yoc_live,3d,64,02,00,00,00,00,00,00,01,00,02,00,00,00,00,00,00,3b,00,00,10ab,00,00,00,00,
09/29/2020, 18:24:01 : yoc_live,3d,64,02,00,00,00,00,00,00,01,00,02,00,00,00,00,00,00,3b,00,00,6630,00,00,00,00,
09/29/2020, 18:24:01 : yoc_live,3d,64,02,00,00,00,00,00,00,01,00,02,00,00,00,00,00,00,3b,00,00,e43,00,00,00,00,
09/29/2020, 18:24:01 : yoc_live,3d,64,02,00,00,00,00,00,00,01,00,02,00,00,00,00,00,00,3b,00,00,d11,00,00,00,00,
09/29/2020, 18:24:04 : yoc_live,3d,64,02,02,00,00,00,00,00,01,00,02,00,00,00,00,00,00,3b,00,00,d2c,00,00,00,00,
09/29/2020, 18:24:05 : yoc_live,3d,64,02,02,00,00,00,00,00,01,00,02,00,00,00,00,00,00,3b,00,00,e4a,00,00,00,00,
09/29/2020, 18:24:05 : yoc_live,3d,64,02,02,00,00,00,00,00,01,00,02,00,00,00,00,00,00,3b,00,00,6636,00,00,00,00,
09/29/2020, 18:24:05 : yoc_live,3d,64,02,02,00,00,00,00,00,01,00,02,00,00,00,00,00,00,3b,00,00,6636,00,00,00,00,
09/29/2020, 18:24:05 : yoc_live,3d,64,02,02,00,00,00,00,00,01,00,02,00,00,00,00,00,00,3b,00,00,1114,00,00,00,00,
09/29/2020, 18:24:08 : yoc_live,3d,64,02,02,02,00,00,00,00,01,00,02,00,00,00,00,00,00,3b,00,00,1139,00,00,00,00,
09/29/2020, 18:24:08 : yoc_live,3d,64,02,02,02,00,00,00,00,01,00,02,00,00,00,00,00,00,3b,00,00,6636,00,00,00,00,
09/29/2020, 18:24:08 : yoc_live,3d,64,02,02,02,00,00,00,00,01,00,02,00,00,00,00,00,00,3b,00,00,6633,00,00,00,00,
09/29/2020, 18:24:08 : yoc_live,3d,64,02,02,02,00,00,00,00,01,00,02,00,00,00,00,00,00,3b,00,00,12b6,00,00,00,00,
09/29/2020, 18:25:57 : yoc_live,3d,64,02,02,00,00,00,00,00,01,00,02,00,00,00,00,00,00,3b,00,00,12c0,00,00,00,00,
09/29/2020, 18:25:58 : yoc_live,3d,64,02,02,00,00,00,00,00,01,00,02,00,00,00,00,00,00,3b,00,00,1158,00,00,00,00,
09/29/2020, 18:25:58 : yoc_live,3d,64,02,00,00,00,00,00,00,01,00,02,00,00,00,00,00,00,3b,00,00,1162,00,00,00,00,
09/29/2020, 18:25:58 : yoc_live,3d,64,02,00,00,00,00,00,00,01,00,02,00,00,00,00,00,00,3b,00,00,f90,00,00,00,00,
09/29/2020, 18:25:58 : yoc_live,3d,64,02,00,00,00,00,00,00,01,00,02,00,00,00,00,00,00,3b,00,00,d3a,00,00,00,00,
09/29/2020, 18:25:59 : yoc_live,3d,64,01,00,00,00,00,00,00,01,00,02,00,00,00,00,00,00,3b,00,00,d30,00,00,00,00,
09/29/2020, 18:25:59 : yoc_live,3d,64,01,00,00,00,00,00,00,01,00,02,00,00,00,00,00,00,3b,00,00,b98,00,00,00,00,
09/29/2020, 18:25:59 : yoc_live,3d,64,01,00,00,00,00,00,00,01,00,02,00,00,00,00,00,00,3b,00,00,95d,00,00,00,00,
09/29/2020, 18:26:03 : yoc_live,3d,64,02,00,00,00,00,00,00,01,00,02,00,00,00,00,00,00,3b,00,00,926,00,00,00,00,
09/29/2020, 18:26:03 : yoc_live,3d,64,02,00,00,00,00,00,00,01,00,02,00,00,00,00,00,00,3b,00,00,d99,00,00,00,00,
09/29/2020, 18:26:03 : yoc_live,3d,64,02,00,00,00,00,00,00,01,00,02,00,00,00,00,00,00,3b,00,00,6630,00,00,00,00,
09/29/2020, 18:26:03 : yoc_live,3d,64,02,00,00,00,00,00,00,01,00,02,00,00,00,00,00,00,3b,00,00,e2b,00,00,00,00,
09/29/2020, 18:26:03 : yoc_live,3d,64,02,00,00,00,00,00,00,01,00,02,00,00,00,00,00,00,3b,00,00,cf9,00,00,00,00,
09/29/2020, 18:26:09 : yoc_live,3d,64,01,00,00,00,00,00,00,01,00,02,00,00,00,00,00,00,3b,00,00,d18,00,00,00,00,
09/29/2020, 18:26:09 : yoc_live,3d,64,01,00,00,00,00,00,00,01,00,02,00,00,00,00,00,00,3b,00,00,9f6,00,00,00,00,
09/29/2020, 18:26:09 : yoc_live,3d,64,01,00,00,00,00,00,00,01,00,02,00,00,00,00,00,00,3b,00,00,978,00,00,00,00,
09/29/2020, 18:26:11 : yoc_live,3d,64,02,00,00,00,00,00,00,01,00,02,00,00,00,00,00,00,3b,00,00,94c,00,00,00,00,
09/29/2020, 18:26:11 : yoc_live,3d,64,02,00,00,00,00,00,00,01,00,02,00,00,00,00,00,00,3b,00,00,c97,00,00,00,00,
09/29/2020, 18:26:11 : yoc_live,3d,64,02,00,00,00,00,00,00,01,00,02,00,00,00,00,00,00,3b,00,00,6630,00,00,00,00,
09/29/2020, 18:26:11 : yoc_live,3d,64,02,00,00,00,00,00,00,01,00,02,00,00,00,00,00,00,3b,00,00,ff0,00,00,00,00,
09/29/2020, 18:26:11 : yoc_live,3d,64,02,00,00,00,00,00,00,01,00,02,00,00,00,00,00,00,3b,00,00,cdb,00,00,00,00,
09/29/2020, 18:26:46 : yoc_live,3d,64,01,00,00,00,00,00,00,01,00,02,00,00,00,00,00,00,3b,00,00,d07,00,00,00,00,
09/29/2020, 18:26:46 : yoc_live,3d,64,01,00,00,00,00,00,00,01,00,02,00,00,00,00,00,00,3c,00,00,c19,00,00,00,00,
09/29/2020, 18:26:46 : yoc_live,3d,64,01,00,00,00,00,00,00,01,00,02,00,00,00,00,00,00,3b,00,00,9bf,00,00,00,00,
09/29/2020, 18:26:47 : yoc_live,3d,64,02,00,00,00,00,00,00,01,00,02,00,00,00,00,00,00,3b,00,00,941,00,00,00,00,
09/29/2020, 18:26:47 : yoc_live,3d,64,02,00,00,00,00,00,00,01,00,02,00,00,00,00,00,00,3b,00,00,6630,00,00,00,00,
09/29/2020, 18:26:47 : yoc_live,3d,64,02,00,00,00,00,00,00,01,00,02,00,00,00,00,00,00,3c,00,00,126b,00,00,00,00,
09/29/2020, 18:26:47 : yoc_live,3d,64,02,00,00,00,00,00,00,01,00,02,00,00,00,00,00,00,3b,00,00,c90,00,00,00,00,
09/29/2020, 18:26:49 : yoc_live,3d,64,02,02,00,00,00,00,00,01,00,02,00,00,00,00,00,00,3c,00,00,d1f,00,00,00,00,
09/29/2020, 18:26:49 : yoc_live,3d,64,02,02,00,00,00,00,00,01,00,02,00,00,00,00,00,00,3b,00,00,6636,00,00,00,00,
09/29/2020, 18:26:49 : yoc_live,3d,64,02,02,00,00,00,00,00,01,00,02,00,00,00,00,00,00,3b,00,00,6636,00,00,00,00,
09/29/2020, 18:26:49 : yoc_live,3d,64,02,02,00,00,00,00,00,01,00,02,00,00,00,00,00,00,3c,00,00,128a,00,00,00,00,
09/29/2020, 18:26:49 : yoc_live,3d,64,02,02,00,00,00,00,00,01,00,02,00,00,00,00,00,00,3c,00,00,110a,00,00,00,00,
09/29/2020, 18:26:51 : yoc_live,3d,64,01,02,00,00,00,00,00,01,00,02,00,00,00,00,00,00,3c,00,00,1136,00,00,00,00,
09/29/2020, 18:26:51 : yoc_live,3d,64,01,02,00,00,00,00,00,01,00,02,00,00,00,00,00,00,3b,00,00,1030,00,00,00,00,
09/29/2020, 18:26:51 : yoc_live,3d,64,01,02,00,00,00,00,00,01,00,02,00,00,00,00,00,00,3b,00,00,dfc,00,00,00,00,
09/29/2020, 18:27:17 : yoc_live,3d,64,01,02,00,00,00,00,00,01,00,02,00,00,00,00,00,00,3c,00,00,d6a,00,00,00,00,
09/29/2020, 18:27:17 : yoc_live,3e,64,01,02,00,00,00,00,00,01,00,02,00,00,00,00,00,00,3c,00,00,dc5,00,00,00,00,
09/29/2020, 18:27:18 : yoc_live,3e,64,01,00,00,00,00,00,00,01,00,02,00,00,00,00,00,00,3c,00,00,dd0,00,00,00,00,
09/29/2020, 18:27:18 : yoc_live,3d,64,01,00,00,00,00,00,00,01,00,02,00,00,00,00,00,00,3c,00,00,99d,00,00,00,00,
09/29/2020, 18:27:18 : yoc_live,3d,64,01,00,00,00,00,00,00,01,00,02,00,00,00,00,00,00,3c,00,00,915,00,00,00,00,
09/29/2020, 18:27:34 : yoc_live,3e,64,01,00,02,00,00,00,00,01,00,02,00,00,00,00,00,00,3c,00,00,91c,00,00,00,00,
09/29/2020, 18:27:34 : yoc_live,3e,64,01,00,02,00,00,00,00,01,00,02,00,00,00,00,00,00,3c,00,00,caf,00,00,00,00,
09/29/2020, 18:27:34 : yoc_live,3e,64,01,00,02,00,00,00,00,01,00,02,00,00,00,00,00,00,3c,00,00,6633,00,00,00,00,
09/29/2020, 18:27:34 : yoc_live,3e,64,01,00,02,00,00,00,00,01,00,02,00,00,00,00,00,00,3c,00,00,1283,00,00,00,00,
09/29/2020, 18:27:34 : yoc_live,3e,64,01,00,02,00,00,00,00,01,00,02,00,00,00,00,00,00,3c,00,00,d30,00,00,00,00,
09/29/2020, 18:27:37 : yoc_live,3e,64,01,00,00,00,00,00,00,01,00,02,00,00,00,00,00,00,3c,00,00,d92,00,00,00,00,
09/29/2020, 18:27:37 : yoc_live,3e,64,01,00,00,00,00,00,00,01,00,02,00,00,00,00,00,00,3c,00,00,aaa,00,00,00,00,
09/29/2020, 18:27:37 : yoc_live,3e,64,01,00,00,00,00,00,00,01,00,02,00,00,00,00,00,00,3c,00,00,959,00,00,00,00,
09/29/2020, 18:27:42 : yoc_live,3e,64,01,00,00,00,00,00,00,00,00,02,00,00,00,00,00,00,3c,00,00,923,00,00,00,00,
09/29/2020, 18:27:43 : yoc_live,3e,64,01,00,00,00,00,00,00,01,00,02,00,00,00,00,00,00,3c,00,00,93e,00,00,00,00,
09/29/2020, 18:27:45 : yoc_live,3e,64,01,00,00,00,00,00,00,00,00,02,00,00,00,00,00,00,3c,00,00,95d,00,00,00,00,
09/29/2020, 18:27:45 : yoc_live,3e,64,01,00,00,00,00,00,00,01,00,02,00,00,00,00,00,00,3c,00,00,912,00,00,00,00,
09/29/2020, 18:27:51 : yoc_live,3e,64,01,00,00,00,00,00,00,00,00,02,00,00,00,00,00,00,3c,00,00,956,00,00,00,00,
09/29/2020, 18:27:51 : yoc_live,3e,64,01,00,00,00,00,00,00,01,00,02,00,00,00,00,00,00,3c,00,00,91c,00,00,00,00,
09/29/2020, 18:32:41 : yoc_live,3e,64,01,00,00,00,00,00,00,01,00,02,00,00,00,00,00,00,3d,00,00,952,00,00,00,00,
09/29/2020, 18:35:29 : yoc_live,3f,64,02,00,00,00,00,00,00,01,00,02,00,00,00,00,00,00,3e,00,00,923,00,00,00,00,
09/29/2020, 18:35:29 : yoc_live,3f,64,02,00,00,00,00,00,00,01,00,02,00,00,00,00,00,00,3e,00,00,6630,00,00,00,00,
09/29/2020, 18:35:29 : yoc_live,3f,64,02,00,00,00,00,00,00,01,00,02,00,00,00,00,00,00,3e,00,00,f6b,00,00,00,00,
09/29/2020, 18:35:29 : yoc_live,3f,64,02,00,00,00,00,00,00,01,00,02,00,00,00,00,00,00,3e,00,00,cb5,00,00,00,00,
09/29/2020, 18:35:29 : yoc_live,3f,64,02,02,00,00,00,00,00,01,00,02,00,00,00,00,00,00,3e,00,00,ca1,00,00,00,00,
09/29/2020, 18:35:29 : yoc_live,3f,64,02,02,00,00,00,00,00,01,00,02,00,00,00,00,00,00,3e,00,00,f3f,00,00,00,00,
09/29/2020, 18:35:29 : yoc_live,3f,64,02,02,00,00,00,00,00,01,00,02,00,00,00,00,00,00,3e,00,00,6636,00,00,00,00,
09/29/2020, 18:35:29 : yoc_live,3f,64,02,02,00,00,00,00,00,01,00,02,00,00,00,00,00,00,3e,00,00,6633,00,00,00,00,
09/29/2020, 18:35:30 : yoc_live,3f,64,02,02,00,00,00,00,00,01,00,02,00,00,00,00,00,00,3e,00,00,f5a,00,00,00,00,
09/29/2020, 18:35:30 : yoc_live,3f,64,02,02,02,00,00,00,00,01,00,02,00,00,00,00,00,00,3e,00,00,f7f,00,00,00,00,
09/29/2020, 18:35:30 : yoc_live,3f,64,02,02,02,00,00,00,00,01,00,02,00,00,00,00,00,00,3e,00,00,100b,00,00,00,00,
09/29/2020, 18:35:30 : yoc_live,3f,64,02,02,02,00,00,00,00,01,00,02,00,00,00,00,00,00,3e,00,00,6636,00,00,00,00,
09/29/2020, 18:35:30 : yoc_live,3f,64,02,02,02,00,00,00,00,01,00,02,00,00,00,00,00,00,3e,00,00,6633,00,00,00,00,
09/29/2020, 18:35:30 : yoc_live,3f,64,02,02,02,00,00,00,00,01,00,02,00,00,00,00,00,00,3e,00,00,1257,00,00,00,00,
09/29/2020, 18:37:05 : yoc_live,3f,64,02,02,00,00,00,00,00,01,00,02,00,00,00,00,00,00,3d,00,00,12cb,00,00,00,00,
09/29/2020, 18:37:05 : yoc_live,3f,64,02,02,00,00,00,00,00,01,00,02,00,00,00,00,00,00,3e,00,00,119c,00,00,00,00,
09/29/2020, 18:37:05 : yoc_live,3f,64,02,00,00,00,00,00,00,01,00,02,00,00,00,00,00,00,3e,00,00,1181,00,00,00,00,
09/29/2020, 18:37:05 : yoc_live,3f,64,02,00,00,00,00,00,00,01,00,02,00,00,00,00,00,00,3e,00,00,10d7,00,00,00,00,
09/29/2020, 18:37:05 : yoc_live,3f,64,02,00,00,00,00,00,00,01,00,02,00,00,00,00,00,00,3d,00,00,d26,00,00,00,00,
09/29/2020, 18:37:05 : yoc_live,3f,64,01,00,00,00,00,00,00,01,00,02,00,00,00,00,00,00,3e,00,00,d0e,00,00,00,00,
09/29/2020, 18:37:05 : yoc_live,3f,64,01,00,00,00,00,00,00,01,00,02,00,00,00,00,00,00,3e,00,00,b35,00,00,00,00,
09/29/2020, 18:37:05 : yoc_live,3f,64,01,00,00,00,00,00,00,01,00,02,00,00,00,00,00,00,3e,00,00,94f,00,00,00,00,
09/29/2020, 18:41:55 : yoc_live,3f,64,01,00,00,00,00,00,00,01,00,02,00,00,00,00,00,00,3f,00,00,93b,00,00,00,00,
09/29/2020, 18:44:39 : yoc_live,3f,64,02,00,00,00,00,00,00,01,00,02,00,00,00,00,00,00,3f,00,00,93b,00,00,00,00,
09/29/2020, 18:44:39 : yoc_live,3f,64,02,00,00,00,00,00,00,01,00,02,00,00,00,00,00,00,3f,00,00,d30,00,00,00,00,
09/29/2020, 18:44:39 : yoc_live,3f,64,02,00,00,00,00,00,00,01,00,02,00,00,00,00,00,00,3f,00,00,6630,00,00,00,00,
09/29/2020, 18:44:39 : yoc_live,3f,64,02,00,00,00,00,00,00,01,00,02,00,00,00,00,00,00,3f,00,00,dfc,00,00,00,00,
09/29/2020, 18:44:39 : yoc_live,3f,64,02,00,00,00,00,00,00,01,00,02,00,00,00,00,00,00,3f,00,00,cb9,00,00,00,00,
09/29/2020, 18:44:40 : yoc_live,3f,64,02,00,00,00,00,00,00,01,00,02,00,00,00,00,00,00,3f,00,00,c16,00,00,00,00,
09/29/2020, 18:44:47 : yoc_live,3f,64,02,02,00,00,00,00,00,01,00,02,00,00,00,00,00,00,3f,00,00,d15,00,00,00,00,
09/29/2020, 18:44:48 : yoc_live,3f,64,02,02,00,00,00,00,00,01,00,02,00,00,00,00,00,00,3f,00,00,1205,00,00,00,00,
09/29/2020, 18:44:48 : yoc_live,40,64,02,02,00,00,00,00,00,01,00,02,00,00,00,00,00,00,3f,00,00,6636,00,00,00,00,
09/29/2020, 18:44:48 : yoc_live,3f,64,02,02,00,00,00,00,00,01,00,02,00,00,00,00,00,00,3f,00,00,118b,00,00,00,00,
09/29/2020, 18:44:52 : yoc_live,3f,64,02,02,02,00,00,00,00,01,00,02,00,00,00,00,00,00,3f,00,00,115f,00,00,00,00,
09/29/2020, 18:44:52 : yoc_live,40,64,02,02,02,00,00,00,00,01,00,02,00,00,00,00,00,00,3f,00,00,6630,00,00,00,00,
09/29/2020, 18:44:52 : yoc_live,40,64,02,02,02,00,00,00,00,01,00,02,00,00,00,00,00,00,3f,00,00,6636,00,00,00,00,
09/29/2020, 18:44:53 : yoc_live,40,64,02,02,02,00,00,00,00,01,00,02,00,00,00,00,00,00,3f,00,00,6636,00,00,00,00,
09/29/2020, 18:44:53 : yoc_live,3f,64,02,02,02,00,00,00,00,01,00,02,00,00,00,00,00,00,3f,00,00,1298,00,00,00,00,
09/29/2020, 18:45:19 : yoc_live,40,64,02,02,00,00,00,00,00,01,00,02,00,00,00,00,00,00,3f,00,00,12ba,00,00,00,00,
09/29/2020, 18:45:19 : yoc_live,40,64,02,02,00,00,00,00,00,01,00,02,00,00,00,00,00,00,3f,00,00,11ea,00,00,00,00,
09/29/2020, 18:45:20 : yoc_live,40,64,02,02,00,00,00,00,00,01,00,02,00,00,00,00,00,00,3f,00,00,1169,00,00,00,00,
09/29/2020, 18:45:22 : yoc_live,40,64,02,00,00,00,00,00,00,01,00,02,00,00,00,00,00,00,3f,00,00,115b,00,00,00,00,
09/29/2020, 18:45:22 : yoc_live,40,64,02,00,00,00,00,00,00,01,00,02,00,00,00,00,00,00,3f,00,00,d59,00,00,00,00,
09/29/2020, 18:45:29 : yoc_live,40,64,01,00,00,00,00,00,00,01,00,02,00,00,00,00,00,00,3f,00,00,d18,00,00,00,00,
09/29/2020, 18:45:29 : yoc_live,40,64,01,00,00,00,00,00,00,01,00,02,00,00,00,00,00,00,3f,00,00,ab4,00,00,00,00,
09/29/2020, 18:45:29 : yoc_live,40,64,01,00,00,00,00,00,00,01,00,02,00,00,00,00,00,00,3f,00,00,945,00,00,00,00,
09/29/2020, 18:45:54 : yoc_live,40,64,01,00,00,00,00,00,00,00,00,02,00,00,00,00,00,00,3f,00,00,90e,00,00,00,00,
09/29/2020, 18:50:44 : yoc_live,40,64,01,00,00,00,00,00,00,00,00,02,00,00,00,00,00,00,40,00,00,934,00,00,00,00,
09/29/2020, 18:55:34 : yoc_live,40,64,01,00,00,00,00,00,00,00,00,02,00,00,00,00,00,00,40,00,00,93e,00,00,00,00,
09/29/2020, 19:00:24 : yoc_live,41,64,01,00,00,00,00,00,00,00,00,02,00,00,00,00,00,00,41,00,00,8fd,00,00,00,00,
09/29/2020, 19:05:14 : yoc_live,41,64,01,00,00,00,00,00,00,00,00,02,00,00,00,00,00,00,42,00,00,934,00,00,00,00,
09/29/2020, 19:10:04 : yoc_live,42,64,01,00,00,00,00,00,00,00,00,02,00,00,00,00,00,00,42,00,00,908,00,00,00,00,
09/29/2020, 19:14:54 : yoc_live,42,64,01,00,00,00,00,00,00,00,00,02,00,00,00,00,00,00,43,00,00,912,00,00,00,00,
09/29/2020, 19:19:44 : yoc_live,43,64,01,00,00,00,00,00,00,00,00,02,00,00,00,00,00,00,43,00,00,919,00,00,00,00,
09/29/2020, 19:24:34 : yoc_live,43,64,01,00,00,00,00,00,00,00,00,02,00,00,00,00,00,00,44,00,00,90e,00,00,00,00,
09/29/2020, 19:29:24 : yoc_live,43,64,01,00,00,00,00,00,00,00,00,02,00,00,00,00,00,00,44,00,00,915,00,00,00,00,
09/29/2020, 19:33:36 : yoc_live,44,64,01,00,00,00,00,00,00,00,00,02,00,00,00,00,00,00,45,00,00,91c,00,00,00,00,
09/29/2020, 19:38:25 : yoc_live,44,64,01,00,00,00,00,00,00,00,00,02,00,00,00,00,00,00,45,00,00,912,00,00,00,00,
09/29/2020, 19:43:15 : yoc_live,45,64,01,00,00,00,00,00,00,00,00,02,00,00,00,00,00,00,46,00,00,926,00,00,00,00,
09/29/2020, 19:48:05 : yoc_live,45,64,01,00,00,00,00,00,00,00,00,02,00,00,00,00,00,00,46,00,00,919,00,00,00,00,
09/29/2020, 19:52:55 : yoc_live,46,64,01,00,00,00,00,00,00,00,00,02,00,00,00,00,00,00,47,00,00,8fa,00,00,00,00,
09/29/2020, 19:57:45 : yoc_live,46,64,01,00,00,00,00,00,00,00,00,02,00,00,00,00,00,00,47,00,00,92a,00,00,00,00,
09/29/2020, 20:02:35 : yoc_live,47,64,01,00,00,00,00,00,00,00,00,02,00,00,00,00,00,00,48,00,00,904,00,00,00,00,
09/29/2020, 20:07:25 : yoc_live,48,64,01,00,00,00,00,00,00,00,00,02,00,00,00,00,00,00,48,00,00,8f7,00,00,00,00,
09/29/2020, 20:12:15 : yoc_live,48,64,01,00,00,00,00,00,00,00,00,02,00,00,00,00,00,00,49,00,00,923,00,00,00,00,
09/29/2020, 20:17:05 : yoc_live,49,64,01,00,00,00,00,00,00,00,00,02,00,00,00,00,00,00,4a,00,00,8f7,00,00,00,00,
09/29/2020, 20:21:55 : yoc_live,49,64,01,00,00,00,00,00,00,00,00,02,00,00,00,00,00,00,4a,00,00,8fd,00,00,00,00,
09/29/2020, 20:26:45 : yoc_live,4a,64,01,00,00,00,00,00,00,00,00,02,00,00,00,00,00,00,4b,00,00,923,00,00,00,00,
09/29/2020, 20:31:35 : yoc_live,4a,64,01,00,00,00,00,00,00,00,00,02,00,00,00,00,00,00,4b,00,00,93e,00,00,00,00,
09/29/2020, 20:36:25 : yoc_live,4b,64,01,00,00,00,00,00,00,00,00,02,00,00,00,00,00,00,4c,00,00,904,00,00,00,00,
09/29/2020, 20:41:15 : yoc_live,4b,64,01,00,00,00,00,00,00,00,00,02,00,00,00,00,00,00,4c,00,00,930,00,00,00,00,
09/29/2020, 20:46:05 : yoc_live,4c,64,01,00,00,00,00,00,00,00,00,02,00,00,00,00,00,00,4d,00,00,8f7,00,00,00,00,
09/29/2020, 20:50:55 : yoc_live,4c,64,01,00,00,00,00,00,00,00,00,02,00,00,00,00,00,00,4e,00,00,8fd,00,00,00,00,
09/29/2020, 20:55:45 : yoc_live,4d,64,01,00,00,00,00,00,00,00,00,02,00,00,00,00,00,00,4e,00,00,945,00,00,00,00,
09/29/2020, 21:00:35 : yoc_live,4d,64,01,00,00,00,00,00,00,00,00,02,00,00,00,00,00,00,4f,00,00,92d,00,00,00,00,
09/29/2020, 21:05:25 : yoc_live,4d,64,01,00,00,00,00,00,00,00,00,02,00,00,00,00,00,00,4f,00,00,90b,00,00,00,00,
09/29/2020, 21:10:15 : yoc_live,4e,64,01,00,00,00,00,00,00,00,00,02,00,00,00,00,00,00,50,00,00,930,00,00,00,00,
09/29/2020, 21:15:05 : yoc_live,4e,64,01,00,00,00,00,00,00,00,00,02,00,00,00,00,00,00,51,00,00,904,00,00,00,00,
09/29/2020, 21:19:55 : yoc_live,4f,64,01,00,00,00,00,00,00,00,00,02,00,00,00,00,00,00,52,00,00,92d,00,00,00,00,
09/29/2020, 21:24:45 : yoc_live,4f,64,01,00,00,00,00,00,00,00,00,02,00,00,00,00,00,00,53,00,00,93b,00,00,00,00,
09/29/2020, 21:29:35 : yoc_live,50,64,01,00,00,00,00,00,00,00,00,02,00,00,00,00,00,00,53,00,00,92d,00,00,00,00,
09/29/2020, 21:34:25 : yoc_live,50,64,01,00,00,00,00,00,00,00,00,02,00,00,00,00,00,00,54,00,00,92d,00,00,00,00,
09/29/2020, 21:39:15 : yoc_live,51,64,01,00,00,00,00,00,00,00,00,02,00,00,00,00,00,00,54,00,00,93e,00,00,00,00,
09/29/2020, 21:44:05 : yoc_live,51,64,01,00,00,00,00,00,00,00,00,02,00,00,00,00,00,00,55,00,00,937,00,00,00,00,
09/29/2020, 21:48:55 : yoc_live,52,64,01,00,00,00,00,00,00,00,00,02,00,00,00,00,00,00,56,00,00,901,00,00,00,00,
09/29/2020, 21:51:26 : yoc_live,52,64,01,00,00,00,00,00,00,00,00,03,00,00,00,00,00,00,57,00,00,91c,00,00,00,00,
09/29/2020, 21:51:26 : yoc_live,52,64,01,00,00,00,00,00,00,00,00,03,00,00,00,00,00,00,57,00,00,91c,00,00,00,00,
09/29/2020, 21:51:26 : yoc_live,52,64,01,00,00,00,00,00,00,00,00,03,00,00,00,00,00,00,56,00,00,5de,00,00,00,00,
09/29/2020, 21:51:26 : yoc_live,52,64,01,00,00,00,00,00,00,00,00,03,00,00,00,00,00,00,56,00,00,73,00,00,00,00,
09/29/2020, 21:54:25 : yoc_live,52,64,00,00,00,00,00,00,00,00,00,00,00,00,00,00,00,00,54,00,00,70,00,00,00,00,
09/29/2020, 21:54:26 : yoc_live,52,64,01,00,00,00,00,00,00,00,00,01,00,00,00,00,00,00,54,00,00,70,00,00,00,00,
09/29/2020, 21:54:55 : yoc_live,52,64,01,00,00,00,00,00,00,00,00,02,00,00,00,00,00,00,54,00,00,6c,00,00,00,00,
09/29/2020, 21:54:56 : yoc_live,52,64,01,00,00,00,00,00,00,00,00,02,00,00,00,00,00,00,54,00,00,4e6,00,00,00,00,
09/29/2020, 21:54:56 : yoc_live,52,64,01,00,00,00,00,00,00,00,00,02,00,00,00,00,00,00,54,00,00,93b,00,00,00,00,
09/29/2020, 21:58:20 : yoc_live,52,64,01,00,00,00,00,00,00,00,00,03,00,00,00,00,00,00,57,00,00,904,00,00,00,00,
09/29/2020, 21:58:20 : yoc_live,52,64,01,00,00,00,00,00,00,00,00,03,00,00,00,00,00,00,57,00,00,904,00,00,00,00,
09/29/2020, 21:58:20 : yoc_live,53,64,01,00,00,00,00,00,00,00,00,03,00,00,00,00,00,00,57,00,00,827,00,00,00,00,
09/29/2020, 21:58:20 : yoc_live,53,64,01,00,00,00,00,00,00,00,00,03,00,00,00,00,00,00,57,00,00,6c,00,00,00,00,
09/29/2020, 22:01:19 : yoc_live,53,64,00,00,00,00,00,00,00,00,00,00,00,00,00,00,00,00,55,00,00,6c,00,00,00,00,
09/29/2020, 22:01:20 : yoc_live,53,64,01,00,00,00,00,00,00,00,00,01,00,00,00,00,00,00,55,00,00,6c,00,00,00,00,
09/29/2020, 22:01:49 : yoc_live,53,64,01,00,00,00,00,00,00,00,00,02,00,00,00,00,00,00,54,00,00,6c,00,00,00,00,
09/29/2020, 22:01:50 : yoc_live,53,64,01,00,00,00,00,00,00,00,00,02,00,00,00,00,00,00,54,00,00,81a,00,00,00,00,
09/29/2020, 22:01:50 : yoc_live,53,64,01,00,00,00,00,00,00,00,00,02,00,00,00,00,00,00,55,00,00,919,00,00,00,00,
09/29/2020, 22:03:41 : yoc_live,53,64,01,00,00,00,00,00,00,00,00,03,00,00,00,00,00,00,58,00,00,915,00,00,00,00,
09/29/2020, 22:03:41 : yoc_live,53,64,01,00,00,00,00,00,00,00,00,03,00,00,00,00,00,00,58,00,00,915,00,00,00,00,
09/29/2020, 22:03:41 : yoc_live,53,64,01,00,00,00,00,00,00,00,00,03,00,00,00,00,00,00,57,00,00,48a,00,00,00,00,
09/29/2020, 22:03:41 : yoc_live,53,64,01,00,00,00,00,00,00,00,00,03,00,00,00,00,00,00,57,00,00,69,00,00,00,00,
09/29/2020, 22:06:41 : yoc_live,53,64,00,00,00,00,00,00,00,00,00,00,00,00,00,00,00,00,55,00,00,6c,00,00,00,00,
09/29/2020, 22:06:41 : yoc_live,53,64,01,00,00,00,00,00,00,00,00,01,00,00,00,00,00,00,55,00,00,6c,00,00,00,00,
09/29/2020, 22:07:11 : yoc_live,53,64,01,00,00,00,00,00,00,00,00,02,00,00,00,00,00,00,55,00,00,6c,00,00,00,00,
09/29/2020, 22:07:11 : yoc_live,53,64,01,00,00,00,00,00,00,00,00,02,00,00,00,00,00,00,55,00,00,67b,00,00,00,00,
09/29/2020, 22:07:11 : yoc_live,53,64,01,00,00,00,00,00,00,00,00,02,00,00,00,00,00,00,55,00,00,93b,00,00,00,00,
09/29/2020, 22:08:23 : yoc_live,53,64,01,00,00,00,00,00,00,00,00,03,00,00,00,00,00,00,58,00,00,91f,00,00,00,00,
09/29/2020, 22:08:23 : yoc_live,53,64,01,00,00,00,00,00,00,00,00,03,00,00,00,00,00,00,58,00,00,91f,00,00,00,00,
09/29/2020, 22:08:23 : yoc_live,53,64,01,00,00,00,00,00,00,00,00,03,00,00,00,00,00,00,57,00,00,70,00,00,00,00,
09/29/2020, 22:11:23 : yoc_live,53,64,00,00,00,00,00,00,00,00,00,00,00,00,00,00,00,00,55,00,00,6c,00,00,00,00,
09/29/2020, 22:11:23 : yoc_live,53,64,01,00,00,00,00,00,00,00,00,01,00,00,00,00,00,00,55,00,00,6c,00,00,00,00,
09/29/2020, 22:11:53 : yoc_live,53,64,01,00,00,00,00,00,00,00,00,02,00,00,00,00,00,00,55,00,00,6c,00,00,00,00,
09/29/2020, 22:11:53 : yoc_live,53,64,01,00,00,00,00,00,00,00,00,02,00,00,00,00,00,00,55,00,00,8f0,00,00,00,00,
09/29/2020, 22:13:10 : yoc_live,53,64,01,00,00,00,00,00,00,00,00,03,00,00,00,00,00,00,58,00,00,915,00,00,00,00,
09/29/2020, 22:13:10 : yoc_live,53,64,01,00,00,00,00,00,00,00,00,03,00,00,00,00,00,00,58,00,00,915,00,00,00,00,
09/29/2020, 22:13:10 : yoc_live,53,64,01,00,00,00,00,00,00,00,00,03,00,00,00,00,00,00,58,00,00,6fc,00,00,00,00,
09/29/2020, 22:13:10 : yoc_live,53,64,01,00,00,00,00,00,00,00,00,03,00,00,00,00,00,00,58,00,00,70,00,00,00,00,
09/29/2020, 22:16:10 : yoc_live,54,64,00,00,00,00,00,00,00,00,00,00,00,00,00,00,00,00,55,00,00,6c,00,00,00,00,
09/29/2020, 22:16:10 : yoc_live,54,64,01,00,00,00,00,00,00,00,00,01,00,00,00,00,00,00,55,00,00,6c,00,00,00,00,
09/29/2020, 22:16:40 : yoc_live,54,64,01,00,00,00,00,00,00,00,00,02,00,00,00,00,00,00,55,00,00,6c,00,00,00,00,
09/29/2020, 22:16:40 : yoc_live,54,64,01,00,00,00,00,00,00,00,00,02,00,00,00,00,00,00,55,00,00,6c6,00,00,00,00,
09/29/2020, 22:16:40 : yoc_live,54,64,01,00,00,00,00,00,00,00,00,02,00,00,00,00,00,00,55,00,00,945,00,00,00,00,
09/29/2020, 22:17:39 : yoc_live,54,64,01,00,00,00,00,00,00,00,00,03,00,00,00,00,00,00,58,00,00,901,00,00,00,00,
09/29/2020, 22:17:39 : yoc_live,54,64,01,00,00,00,00,00,00,00,00,03,00,00,00,00,00,00,58,00,00,901,00,00,00,00,
09/29/2020, 22:17:40 : yoc_live,54,64,01,00,00,00,00,00,00,00,00,03,00,00,00,00,00,00,58,00,00,70,00,00,00,00,
09/29/2020, 22:20:39 : yoc_live,54,64,00,00,00,00,00,00,00,00,00,00,00,00,00,00,00,00,55,00,00,70,00,00,00,00,
09/29/2020, 22:20:39 : yoc_live,54,64,01,00,00,00,00,00,00,00,00,01,00,00,00,00,00,00,55,00,00,70,00,00,00,00,
09/29/2020, 22:21:09 : yoc_live,54,64,01,00,00,00,00,00,00,00,00,02,00,00,00,00,00,00,55,00,00,6c,00,00,00,00,
09/29/2020, 22:21:09 : yoc_live,54,64,01,00,00,00,00,00,00,00,00,02,00,00,00,00,00,00,55,00,00,586,00,00,00,00,
09/29/2020, 22:21:09 : yoc_live,54,64,01,00,00,00,00,00,00,00,00,02,00,00,00,00,00,00,55,00,00,923,00,00,00,00,
09/29/2020, 22:22:15 : yoc_live,54,64,01,00,00,00,00,00,00,00,00,03,00,00,00,00,00,00,59,00,00,904,00,00,00,00,
09/29/2020, 22:22:15 : yoc_live,54,64,01,00,00,00,00,00,00,00,00,03,00,00,00,00,00,00,59,00,00,904,00,00,00,00,
09/29/2020, 22:22:15 : yoc_live,54,64,01,00,00,00,00,00,00,00,00,03,00,00,00,00,00,00,58,00,00,5d1,00,00,00,00,
09/29/2020, 22:22:15 : yoc_live,54,64,01,00,00,00,00,00,00,00,00,03,00,00,00,00,00,00,58,00,00,6c,00,00,00,00,
09/29/2020, 22:25:15 : yoc_live,54,64,00,00,00,00,00,00,00,00,00,00,00,00,00,00,00,00,55,00,00,6c,00,00,00,00,
09/29/2020, 22:25:15 : yoc_live,54,64,01,00,00,00,00,00,00,00,00,01,00,00,00,00,00,00,55,00,00,6c,00,00,00,00,
09/29/2020, 22:25:45 : yoc_live,54,64,01,00,00,00,00,00,00,00,00,02,00,00,00,00,00,00,55,00,00,6c,00,00,00,00,
09/29/2020, 22:25:45 : yoc_live,54,64,01,00,00,00,00,00,00,00,00,02,00,00,00,00,00,00,55,00,00,49b,00,00,00,00,
09/29/2020, 22:25:45 : yoc_live,54,64,01,00,00,00,00,00,00,00,00,02,00,00,00,00,00,00,55,00,00,91f,00,00,00,00,
09/29/2020, 22:26:38 : yoc_live,54,64,01,00,00,00,00,00,00,00,00,03,00,00,00,00,00,00,59,00,00,91f,00,00,00,00,
09/29/2020, 22:26:38 : yoc_live,54,64,01,00,00,00,00,00,00,00,00,03,00,00,00,00,00,00,59,00,00,91f,00,00,00,00,
09/29/2020, 22:26:38 : yoc_live,54,64,01,00,00,00,00,00,00,00,00,03,00,00,00,00,00,00,58,00,00,853,00,00,00,00,
09/29/2020, 22:26:38 : yoc_live,54,64,01,00,00,00,00,00,00,00,00,03,00,00,00,00,00,00,58,00,00,6c,00,00,00,00,
09/29/2020, 22:29:38 : yoc_live,54,64,00,00,00,00,00,00,00,00,00,00,00,00,00,00,00,00,55,00,00,6c,00,00,00,00,
09/29/2020, 22:29:38 : yoc_live,54,64,01,00,00,00,00,00,00,00,00,01,00,00,00,00,00,00,55,00,00,6c,00,00,00,00,
09/29/2020, 22:30:08 : yoc_live,54,64,01,00,00,00,00,00,00,00,00,02,00,00,00,00,00,00,55,00,00,6c,00,00,00,00,
09/29/2020, 22:30:08 : yoc_live,54,64,01,00,00,00,00,00,00,00,00,02,00,00,00,00,00,00,55,00,00,256,00,00,00,00,
09/29/2020, 22:30:08 : yoc_live,54,64,01,00,00,00,00,00,00,00,00,02,00,00,00,00,00,00,55,00,00,945,00,00,00,00,
09/29/2020, 22:31:02 : yoc_live,54,64,01,00,00,00,00,00,00,00,00,03,00,00,00,00,00,00,59,00,00,919,00,00,00,00,
09/29/2020, 22:31:02 : yoc_live,54,64,01,00,00,00,00,00,00,00,00,03,00,00,00,00,00,00,59,00,00,919,00,00,00,00,
09/29/2020, 22:31:02 : yoc_live,54,64,01,00,00,00,00,00,00,00,00,03,00,00,00,00,00,00,58,00,00,70,00,00,00,00,
09/29/2020, 22:34:02 : yoc_live,54,64,00,00,00,00,00,00,00,00,00,00,00,00,00,00,00,00,55,00,00,6c,00,00,00,00,
09/29/2020, 22:34:02 : yoc_live,54,64,01,00,00,00,00,00,00,00,00,01,00,00,00,00,00,00,55,00,00,6c,00,00,00,00,
09/29/2020, 22:34:32 : yoc_live,54,64,01,00,00,00,00,00,00,00,00,02,00,00,00,00,00,00,55,00,00,69,00,00,00,00,
09/29/2020, 22:34:32 : yoc_live,54,64,01,00,00,00,00,00,00,00,00,02,00,00,00,00,00,00,55,00,00,633,00,00,00,00,
09/29/2020, 22:34:32 : yoc_live,54,64,01,00,00,00,00,00,00,00,00,02,00,00,00,00,00,00,55,00,00,945,00,00,00,00,
09/29/2020, 22:35:22 : yoc_live,54,64,01,00,00,00,00,00,00,00,00,03,00,00,00,00,00,00,59,00,00,912,00,00,00,00,
09/29/2020, 22:35:22 : yoc_live,54,64,01,00,00,00,00,00,00,00,00,03,00,00,00,00,00,00,59,00,00,912,00,00,00,00,
09/29/2020, 22:35:22 : yoc_live,54,64,01,00,00,00,00,00,00,00,00,03,00,00,00,00,00,00,59,00,00,76c,00,00,00,00,
09/29/2020, 22:35:22 : yoc_live,54,64,01,00,00,00,00,00,00,00,00,03,00,00,00,00,00,00,59,00,00,6c,00,00,00,00,
09/29/2020, 22:38:22 : yoc_live,54,64,00,00,00,00,00,00,00,00,00,00,00,00,00,00,00,00,55,00,00,69,00,00,00,00,
09/29/2020, 22:38:22 : yoc_live,54,64,01,00,00,00,00,00,00,00,00,01,00,00,00,00,00,00,55,00,00,69,00,00,00,00,
09/29/2020, 22:38:52 : yoc_live,54,64,01,00,00,00,00,00,00,00,00,02,00,00,00,00,00,00,55,00,00,6c,00,00,00,00,
09/29/2020, 22:38:52 : yoc_live,54,64,01,00,00,00,00,00,00,00,00,02,00,00,00,00,00,00,55,00,00,5bc,00,00,00,00,
09/29/2020, 22:38:52 : yoc_live,54,64,01,00,00,00,00,00,00,00,00,02,00,00,00,00,00,00,55,00,00,919,00,00,00,00,
09/29/2020, 22:39:50 : yoc_live,54,64,01,00,00,00,00,00,00,00,00,03,00,00,00,00,00,00,59,00,00,90e,00,00,00,00,
09/29/2020, 22:39:50 : yoc_live,54,64,01,00,00,00,00,00,00,00,00,03,00,00,00,00,00,00,59,00,00,90e,00,00,00,00,
09/29/2020, 22:39:50 : yoc_live,54,64,01,00,00,00,00,00,00,00,00,03,00,00,00,00,00,00,59,00,00,512,00,00,00,00,
09/29/2020, 22:39:50 : yoc_live,54,64,01,00,00,00,00,00,00,00,00,03,00,00,00,00,00,00,59,00,00,6c,00,00,00,00,
09/29/2020, 22:42:50 : yoc_live,54,64,00,00,00,00,00,00,00,00,00,00,00,00,00,00,00,00,55,00,00,69,00,00,00,00,
09/29/2020, 22:42:50 : yoc_live,54,64,01,00,00,00,00,00,00,00,00,01,00,00,00,00,00,00,55,00,00,69,00,00,00,00,
09/29/2020, 22:43:20 : yoc_live,54,64,01,00,00,00,00,00,00,00,00,02,00,00,00,00,00,00,55,00,00,6c,00,00,00,00,
09/29/2020, 22:43:20 : yoc_live,54,64,01,00,00,00,00,00,00,00,00,02,00,00,00,00,00,00,55,00,00,71e,00,00,00,00,
09/29/2020, 22:43:20 : yoc_live,54,64,01,00,00,00,00,00,00,00,00,02,00,00,00,00,00,00,55,00,00,91c,00,00,00,00,
09/29/2020, 22:44:19 : yoc_live,54,64,01,00,00,00,00,00,00,00,00,03,00,00,00,00,00,00,59,00,00,912,00,00,00,00,
09/29/2020, 22:44:19 : yoc_live,54,64,01,00,00,00,00,00,00,00,00,03,00,00,00,00,00,00,59,00,00,912,00,00,00,00,
09/29/2020, 22:44:19 : yoc_live,54,64,01,00,00,00,00,00,00,00,00,03,00,00,00,00,00,00,59,00,00,5bc,00,00,00,00,
09/29/2020, 22:44:19 : yoc_live,54,64,01,00,00,00,00,00,00,00,00,03,00,00,00,00,00,00,59,00,00,6c,00,00,00,00,
09/29/2020, 22:47:19 : yoc_live,54,64,00,00,00,00,00,00,00,00,00,00,00,00,00,00,00,00,55,00,00,6c,00,00,00,00,
09/29/2020, 22:47:19 : yoc_live,54,64,01,00,00,00,00,00,00,00,00,01,00,00,00,00,00,00,55,00,00,6c,00,00,00,00,
09/29/2020, 22:47:49 : yoc_live,55,64,01,00,00,00,00,00,00,00,00,02,00,00,00,00,00,00,55,00,00,6c,00,00,00,00,
09/29/2020, 22:47:49 : yoc_live,55,64,01,00,00,00,00,00,00,00,00,02,00,00,00,00,00,00,55,00,00,59e,00,00,00,00,
09/29/2020, 22:47:49 : yoc_live,55,64,01,00,00,00,00,00,00,00,00,02,00,00,00,00,00,00,55,00,00,919,00,00,00,00,
09/29/2020, 22:48:35 : yoc_live,55,64,01,00,00,00,00,00,00,00,00,03,00,00,00,00,00,00,59,00,00,901,00,00,00,00,
09/29/2020, 22:48:35 : yoc_live,55,64,01,00,00,00,00,00,00,00,00,03,00,00,00,00,00,00,59,00,00,901,00,00,00,00,
09/29/2020, 22:48:35 : yoc_live,55,64,01,00,00,00,00,00,00,00,00,03,00,00,00,00,00,00,59,00,00,1dc,00,00,00,00,
09/29/2020, 22:48:35 : yoc_live,55,64,01,00,00,00,00,00,00,00,00,03,00,00,00,00,00,00,59,00,00,69,00,00,00,00,
09/29/2020, 22:51:35 : yoc_live,55,64,00,00,00,00,00,00,00,00,00,00,00,00,00,00,00,00,56,00,00,6c,00,00,00,00,
09/29/2020, 22:51:35 : yoc_live,55,64,01,00,00,00,00,00,00,00,00,01,00,00,00,00,00,00,56,00,00,6c,00,00,00,00,
09/29/2020, 22:52:05 : yoc_live,55,64,01,00,00,00,00,00,00,00,00,02,00,00,00,00,00,00,55,00,00,6c,00,00,00,00,
09/29/2020, 22:52:05 : yoc_live,55,64,01,00,00,00,00,00,00,00,00,02,00,00,00,00,00,00,55,00,00,633,00,00,00,00,
09/29/2020, 22:52:05 : yoc_live,55,64,01,00,00,00,00,00,00,00,00,02,00,00,00,00,00,00,55,00,00,948,00,00,00,00,
09/29/2020, 22:52:46 : yoc_live,55,64,01,00,00,00,00,00,00,00,00,03,00,00,00,00,00,00,59,00,00,912,00,00,00,00,
09/29/2020, 22:52:46 : yoc_live,55,64,01,00,00,00,00,00,00,00,00,03,00,00,00,00,00,00,59,00,00,912,00,00,00,00,
09/29/2020, 22:52:46 : yoc_live,55,64,01,00,00,00,00,00,00,00,00,03,00,00,00,00,00,00,59,00,00,2b5,00,00,00,00,
09/29/2020, 22:52:46 : yoc_live,55,64,01,00,00,00,00,00,00,00,00,03,00,00,00,00,00,00,59,00,00,6c,00,00,00,00,
09/29/2020, 22:55:46 : yoc_live,55,64,00,00,00,00,00,00,00,00,00,00,00,00,00,00,00,00,56,00,00,6c,00,00,00,00,
09/29/2020, 22:55:46 : yoc_live,55,64,01,00,00,00,00,00,00,00,00,01,00,00,00,00,00,00,56,00,00,6c,00,00,00,00,
09/29/2020, 22:56:16 : yoc_live,55,64,01,00,00,00,00,00,00,00,00,02,00,00,00,00,00,00,55,00,00,6c,00,00,00,00,
09/29/2020, 22:56:16 : yoc_live,55,64,01,00,00,00,00,00,00,00,00,02,00,00,00,00,00,00,56,00,00,82b,00,00,00,00,
09/29/2020, 22:56:16 : yoc_live,55,64,01,00,00,00,00,00,00,00,00,02,00,00,00,00,00,00,56,00,00,92d,00,00,00,00,
09/29/2020, 22:56:35 : yoc_live,55,64,01,00,00,00,00,00,00,00,00,02,00,00,00,00,00,00,56,00,00,91c,00,00,00,00,
09/29/2020, 22:56:53 : yoc_live,55,64,01,00,00,00,00,00,00,00,00,03,00,01,00,00,00,00,59,00,00,919,00,00,00,00,
09/29/2020, 22:56:53 : yoc_live,55,64,01,00,00,00,00,00,00,00,00,03,00,01,00,00,00,00,59,00,00,919,00,00,00,00,
09/29/2020, 22:56:53 : yoc_live,55,64,01,00,00,00,00,00,00,00,00,03,00,01,00,00,00,00,59,00,00,659,00,00,00,00,
09/29/2020, 22:56:53 : yoc_live,55,64,01,00,00,00,00,00,00,00,00,03,00,01,00,00,00,00,59,00,00,66,00,00,00,00,
09/29/2020, 22:59:53 : yoc_live,55,64,01,00,00,00,00,00,00,00,00,00,00,01,00,00,00,00,56,00,00,66,00,00,00,00,
09/29/2020, 22:59:53 : yoc_live,55,64,01,00,00,00,00,00,00,00,00,01,00,01,00,00,00,00,56,00,00,66,00,00,00,00,
09/29/2020, 23:00:23 : yoc_live,55,64,01,00,00,00,00,00,00,00,00,02,00,01,00,00,00,00,56,00,00,66,00,00,00,00,
09/29/2020, 23:00:23 : yoc_live,55,64,01,00,00,00,00,00,00,00,00,02,00,01,00,00,00,00,56,00,00,8fa,00,00,00,00,
09/29/2020, 23:01:02 : yoc_live,55,64,01,00,00,00,00,00,00,00,00,03,00,01,00,00,00,00,5a,00,00,91c,00,00,00,00,
09/29/2020, 23:01:02 : yoc_live,55,64,01,00,00,00,00,00,00,00,00,03,00,01,00,00,00,00,5a,00,00,91c,00,00,00,00,
09/29/2020, 23:01:02 : yoc_live,55,64,01,00,00,00,00,00,00,00,00,03,00,01,00,00,00,00,59,00,00,473,00,00,00,00,
09/29/2020, 23:01:02 : yoc_live,55,64,01,00,00,00,00,00,00,00,00,03,00,01,00,00,00,00,59,00,00,69,00,00,00,00,
09/29/2020, 23:04:02 : yoc_live,55,64,01,00,00,00,00,00,00,00,00,00,00,01,00,00,00,00,56,00,00,69,00,00,00,00,
09/29/2020, 23:04:02 : yoc_live,55,64,01,00,00,00,00,00,00,00,00,01,00,01,00,00,00,00,56,00,00,69,00,00,00,00,
09/29/2020, 23:04:32 : yoc_live,55,64,01,00,00,00,00,00,00,00,00,02,00,01,00,00,00,00,56,00,00,69,00,00,00,00,
09/29/2020, 23:04:32 : yoc_live,55,64,01,00,00,00,00,00,00,00,00,02,00,01,00,00,00,00,56,00,00,3dd,00,00,00,00,
09/29/2020, 23:04:32 : yoc_live,55,64,01,00,00,00,00,00,00,00,00,02,00,01,00,00,00,00,56,00,00,93b,00,00,00,00,
09/29/2020, 23:05:15 : yoc_live,55,64,01,00,00,00,00,00,00,00,00,03,00,01,00,00,00,00,5a,00,00,91c,00,00,00,00,
09/29/2020, 23:05:15 : yoc_live,55,64,01,00,00,00,00,00,00,00,00,03,00,01,00,00,00,00,5a,00,00,91c,00,00,00,00,
09/29/2020, 23:05:15 : yoc_live,55,64,01,00,00,00,00,00,00,00,00,03,00,01,00,00,00,00,59,00,00,776,00,00,00,00,
09/29/2020, 23:05:15 : yoc_live,55,64,01,00,00,00,00,00,00,00,00,03,00,01,00,00,00,00,59,00,00,66,00,00,00,00,
09/29/2020, 23:08:15 : yoc_live,55,64,01,00,00,00,00,00,00,00,00,00,00,01,00,00,00,00,56,00,00,66,00,00,00,00,
09/29/2020, 23:08:15 : yoc_live,55,64,01,00,00,00,00,00,00,00,00,01,00,01,00,00,00,00,56,00,00,66,00,00,00,00,
09/29/2020, 23:08:45 : yoc_live,55,64,01,00,00,00,00,00,00,00,00,02,00,01,00,00,00,00,56,00,00,69,00,00,00,00,
09/29/2020, 23:08:45 : yoc_live,55,64,01,00,00,00,00,00,00,00,00,02,00,01,00,00,00,00,56,00,00,253,00,00,00,00,
09/29/2020, 23:08:45 : yoc_live,55,64,01,00,00,00,00,00,00,00,00,02,00,01,00,00,00,00,56,00,00,941,00,00,00,00,
09/29/2020, 23:09:26 : yoc_live,55,64,01,00,00,00,00,00,00,00,00,03,00,01,00,00,00,00,5a,00,00,90b,00,00,00,00,
09/29/2020, 23:09:26 : yoc_live,55,64,01,00,00,00,00,00,00,00,00,03,00,01,00,00,00,00,5a,00,00,90b,00,00,00,00,
09/29/2020, 23:09:27 : yoc_live,55,64,01,00,00,00,00,00,00,00,00,03,00,01,00,00,00,00,5a,00,00,66,00,00,00,00,
09/29/2020, 23:11:42 : yoc_live,55,64,01,00,00,00,00,00,00,00,00,03,00,01,00,00,00,00,56,00,00,a62,00,00,00,00,
09/29/2020, 23:11:42 : yoc_live,55,64,01,00,00,00,00,00,00,00,00,03,00,01,00,00,00,00,56,00,00,6633,00,00,00,00,
09/29/2020, 23:11:42 : yoc_live,55,64,01,00,00,00,00,00,00,00,00,03,00,01,00,00,00,00,56,00,00,d8c,00,00,00,00,
09/29/2020, 23:11:42 : yoc_live,55,64,01,00,00,00,00,00,00,00,00,03,00,01,00,00,00,00,56,00,00,4ac,00,00,00,00,
09/29/2020, 23:12:26 : yoc_live,55,64,00,00,00,00,00,00,00,00,00,00,00,01,00,00,00,00,56,00,00,4ce,00,00,00,00,
09/29/2020, 23:12:26 : yoc_live,55,64,01,00,00,00,00,00,00,00,00,01,00,01,00,00,00,00,56,00,00,4ce,00,00,00,00,
09/29/2020, 23:12:42 : yoc_live,55,64,01,00,00,00,00,00,00,00,00,01,00,01,00,00,00,00,56,00,00,f35,00,00,00,00,
09/29/2020, 23:12:42 : yoc_live,55,64,01,00,00,00,00,00,00,00,00,01,00,01,00,00,00,00,56,00,00,6633,00,00,00,00,
09/29/2020, 23:12:42 : yoc_live,55,64,01,00,00,00,00,00,00,00,00,01,00,01,00,00,00,00,56,00,00,e03,00,00,00,00,
09/29/2020, 23:12:42 : yoc_live,55,64,01,00,00,00,00,00,00,00,00,01,00,01,00,00,00,00,56,00,00,4b3,00,00,00,00,
09/29/2020, 23:12:56 : yoc_live,55,64,01,00,00,00,00,00,00,00,00,02,00,01,00,00,00,00,56,00,00,4ba,00,00,00,00,
09/29/2020, 23:12:56 : yoc_live,55,64,01,00,00,00,00,00,00,00,00,02,00,01,00,00,00,00,56,00,00,d15,00,00,00,00,
09/29/2020, 23:12:56 : yoc_live,55,64,01,00,00,00,00,00,00,00,00,02,00,01,00,00,00,00,56,00,00,da0,00,00,00,00,
09/29/2020, 23:13:25 : yoc_live,55,66,01,00,00,00,00,00,00,00,00,02,00,01,00,00,00,00,58,00,00,d66,00,00,00,00,
09/29/2020, 23:13:42 : yoc_live,55,66,01,00,00,00,00,00,00,00,00,02,00,02,00,00,00,00,59,00,00,c8d,00,00,00,00,
09/29/2020, 23:13:42 : yoc_live,55,66,01,00,00,00,00,00,00,00,00,02,00,02,00,00,00,00,59,00,00,915,00,00,00,00,
09/29/2020, 23:13:50 : yoc_live,55,66,01,00,00,00,00,00,00,00,00,03,00,02,00,00,00,00,5a,00,00,91c,00,00,00,00,
09/29/2020, 23:13:50 : yoc_live,55,66,01,00,00,00,00,00,00,00,00,03,00,02,00,00,00,00,5a,00,00,91c,00,00,00,00,
09/29/2020, 23:13:50 : yoc_live,55,66,01,00,00,00,00,00,00,00,00,03,00,02,00,00,00,00,5a,00,00,88a,00,00,00,00,
09/29/2020, 23:13:50 : yoc_live,55,66,01,00,00,00,00,00,00,00,00,03,00,02,00,00,00,00,5a,00,00,6c,00,00,00,00,
09/29/2020, 23:16:50 : yoc_live,55,66,01,00,00,00,00,00,00,00,00,00,00,02,00,00,00,00,56,00,00,69,00,00,00,00,
09/29/2020, 23:16:50 : yoc_live,55,66,01,00,00,00,00,00,00,00,00,01,00,02,00,00,00,00,56,00,00,69,00,00,00,00,
09/29/2020, 23:17:20 : yoc_live,55,66,01,00,00,00,00,00,00,00,00,02,00,02,00,00,00,00,56,00,00,6c,00,00,00,00,
09/29/2020, 23:17:20 : yoc_live,55,66,01,00,00,00,00,00,00,00,00,02,00,02,00,00,00,00,56,00,00,604,00,00,00,00,
09/29/2020, 23:17:20 : yoc_live,55,66,01,00,00,00,00,00,00,00,00,02,00,02,00,00,00,00,56,00,00,923,00,00,00,00,
09/29/2020, 23:18:01 : yoc_live,55,66,01,00,00,00,00,00,00,00,00,03,00,02,00,00,00,00,5a,00,00,8fa,00,00,00,00,
09/29/2020, 23:18:02 : yoc_live,55,66,01,00,00,00,00,00,00,00,00,03,00,02,00,00,00,00,5a,00,00,8fa,00,00,00,00,
09/29/2020, 23:18:02 : yoc_live,55,66,01,00,00,00,00,00,00,00,00,03,00,02,00,00,00,00,5a,00,00,50f,00,00,00,00,
09/29/2020, 23:18:02 : yoc_live,55,66,01,00,00,00,00,00,00,00,00,03,00,02,00,00,00,00,5a,00,00,69,00,00,00,00,
09/29/2020, 23:21:01 : yoc_live,55,66,01,00,00,00,00,00,00,00,00,00,00,02,00,00,00,00,56,00,00,69,00,00,00,00,
09/29/2020, 23:21:01 : yoc_live,55,66,01,00,00,00,00,00,00,00,00,01,00,02,00,00,00,00,56,00,00,69,00,00,00,00,
09/29/2020, 23:21:31 : yoc_live,55,66,01,00,00,00,00,00,00,00,00,02,00,02,00,00,00,00,56,00,00,69,00,00,00,00,
09/29/2020, 23:21:31 : yoc_live,55,66,01,00,00,00,00,00,00,00,00,02,00,02,00,00,00,00,56,00,00,278,00,00,00,00,
09/29/2020, 23:21:31 : yoc_live,55,66,01,00,00,00,00,00,00,00,00,02,00,02,00,00,00,00,56,00,00,919,00,00,00,00,
09/29/2020, 23:22:16 : yoc_live,55,66,01,00,00,00,00,00,00,00,00,03,00,02,00,00,00,00,5a,00,00,912,00,00,00,00,
09/29/2020, 23:22:16 : yoc_live,55,66,01,00,00,00,00,00,00,00,00,03,00,02,00,00,00,00,5a,00,00,912,00,00,00,00,
09/29/2020, 23:22:16 : yoc_live,55,66,01,00,00,00,00,00,00,00,00,03,00,02,00,00,00,00,5a,00,00,7d6,00,00,00,00,
09/29/2020, 23:22:16 : yoc_live,55,66,01,00,00,00,00,00,00,00,00,03,00,02,00,00,00,00,5a,00,00,69,00,00,00,00,
09/29/2020, 23:25:16 : yoc_live,55,66,01,00,00,00,00,00,00,00,00,00,00,02,00,00,00,00,56,00,00,69,00,00,00,00,
09/29/2020, 23:25:16 : yoc_live,55,66,01,00,00,00,00,00,00,00,00,01,00,02,00,00,00,00,56,00,00,69,00,00,00,00,
09/29/2020, 23:25:46 : yoc_live,55,66,01,00,00,00,00,00,00,00,00,02,00,02,00,00,00,00,56,00,00,69,00,00,00,00,
09/29/2020, 23:25:46 : yoc_live,55,66,01,00,00,00,00,00,00,00,00,02,00,02,00,00,00,00,56,00,00,827,00,00,00,00,
09/29/2020, 23:25:46 : yoc_live,55,66,01,00,00,00,00,00,00,00,00,02,00,02,00,00,00,00,56,00,00,930,00,00,00,00,
09/29/2020, 23:26:29 : yoc_live,55,66,01,00,00,00,00,00,00,00,00,03,00,02,00,00,00,00,5a,00,00,8e9,00,00,00,00,
09/29/2020, 23:26:30 : yoc_live,55,66,01,00,00,00,00,00,00,00,00,03,00,02,00,00,00,00,5a,00,00,8e9,00,00,00,00,
09/29/2020, 23:26:30 : yoc_live,55,66,01,00,00,00,00,00,00,00,00,03,00,02,00,00,00,00,5a,00,00,597,00,00,00,00,
09/29/2020, 23:26:30 : yoc_live,55,66,01,00,00,00,00,00,00,00,00,03,00,02,00,00,00,00,5a,00,00,69,00,00,00,00,
09/29/2020, 23:29:29 : yoc_live,55,66,01,00,00,00,00,00,00,00,00,00,00,02,00,00,00,00,56,00,00,69,00,00,00,00,
09/29/2020, 23:29:29 : yoc_live,55,66,01,00,00,00,00,00,00,00,00,01,00,02,00,00,00,00,56,00,00,69,00,00,00,00,
09/29/2020, 23:29:59 : yoc_live,55,66,01,00,00,00,00,00,00,00,00,02,00,02,00,00,00,00,56,00,00,69,00,00,00,00,
09/29/2020, 23:29:59 : yoc_live,55,66,01,00,00,00,00,00,00,00,00,02,00,02,00,00,00,00,56,00,00,8ca,00,00,00,00,
09/29/2020, 23:30:41 : yoc_live,55,66,01,00,00,00,00,00,00,00,00,03,00,02,00,00,00,00,5a,00,00,8f7,00,00,00,00,
09/29/2020, 23:30:41 : yoc_live,55,66,01,00,00,00,00,00,00,00,00,03,00,02,00,00,00,00,5a,00,00,8f7,00,00,00,00,
09/29/2020, 23:30:41 : yoc_live,55,66,01,00,00,00,00,00,00,00,00,03,00,02,00,00,00,00,5a,00,00,3ee,00,00,00,00,
09/29/2020, 23:30:42 : yoc_live,55,66,01,00,00,00,00,00,00,00,00,03,00,02,00,00,00,00,5a,00,00,69,00,00,00,00,
09/29/2020, 23:33:41 : yoc_live,55,66,01,00,00,00,00,00,00,00,00,00,00,02,00,00,00,00,56,00,00,69,00,00,00,00,
09/29/2020, 23:33:41 : yoc_live,55,66,01,00,00,00,00,00,00,00,00,01,00,02,00,00,00,00,56,00,00,69,00,00,00,00,
09/29/2020, 23:34:11 : yoc_live,56,66,01,00,00,00,00,00,00,00,00,02,00,02,00,00,00,00,56,00,00,69,00,00,00,00,
09/29/2020, 23:34:11 : yoc_live,56,66,01,00,00,00,00,00,00,00,00,02,00,02,00,00,00,00,56,00,00,864,00,00,00,00,
09/29/2020, 23:34:11 : yoc_live,56,66,01,00,00,00,00,00,00,00,00,02,00,02,00,00,00,00,56,00,00,8fd,00,00,00,00,
09/29/2020, 23:34:52 : yoc_live,55,66,01,00,00,00,00,00,00,00,00,03,00,02,00,00,00,00,5a,00,00,8ec,00,00,00,00,
09/29/2020, 23:34:52 : yoc_live,55,66,01,00,00,00,00,00,00,00,00,03,00,02,00,00,00,00,5a,00,00,8ec,00,00,00,00,
09/29/2020, 23:34:52 : yoc_live,56,66,01,00,00,00,00,00,00,00,00,03,00,02,00,00,00,00,5a,00,00,1c4,00,00,00,00,
09/29/2020, 23:34:52 : yoc_live,56,66,01,00,00,00,00,00,00,00,00,03,00,02,00,00,00,00,5a,00,00,69,00,00,00,00,
09/29/2020, 23:37:52 : yoc_live,56,66,01,00,00,00,00,00,00,00,00,00,00,02,00,00,00,00,56,00,00,69,00,00,00,00,
09/29/2020, 23:37:52 : yoc_live,56,66,01,00,00,00,00,00,00,00,00,01,00,02,00,00,00,00,56,00,00,69,00,00,00,00,
09/29/2020, 23:38:22 : yoc_live,56,66,01,00,00,00,00,00,00,00,00,02,00,02,00,00,00,00,56,00,00,69,00,00,00,00,
09/29/2020, 23:38:22 : yoc_live,56,66,01,00,00,00,00,00,00,00,00,02,00,02,00,00,00,00,56,00,00,666,00,00,00,00,
09/29/2020, 23:38:22 : yoc_live,56,66,01,00,00,00,00,00,00,00,00,02,00,02,00,00,00,00,56,00,00,90b,00,00,00,00,
09/29/2020, 23:39:04 : yoc_live,56,66,01,00,00,00,00,00,00,00,00,03,00,02,00,00,00,00,5a,00,00,8f3,00,00,00,00,
09/29/2020, 23:39:04 : yoc_live,56,66,01,00,00,00,00,00,00,00,00,03,00,02,00,00,00,00,5a,00,00,8f3,00,00,00,00,
09/29/2020, 23:39:04 : yoc_live,56,66,01,00,00,00,00,00,00,00,00,03,00,02,00,00,00,00,5a,00,00,69,00,00,00,00,
09/29/2020, 23:42:04 : yoc_live,56,66,01,00,00,00,00,00,00,00,00,00,00,02,00,00,00,00,56,00,00,6c,00,00,00,00,
09/29/2020, 23:42:04 : yoc_live,56,66,01,00,00,00,00,00,00,00,00,01,00,02,00,00,00,00,56,00,00,6c,00,00,00,00,
09/29/2020, 23:42:34 : yoc_live,56,66,01,00,00,00,00,00,00,00,00,02,00,02,00,00,00,00,56,00,00,69,00,00,00,00,
09/29/2020, 23:42:34 : yoc_live,56,66,01,00,00,00,00,00,00,00,00,02,00,02,00,00,00,00,56,00,00,50f,00,00,00,00,
09/29/2020, 23:42:34 : yoc_live,56,66,01,00,00,00,00,00,00,00,00,02,00,02,00,00,00,00,56,00,00,923,00,00,00,00,
09/29/2020, 23:43:12 : yoc_live,56,66,01,00,00,00,00,00,00,00,00,03,00,02,00,00,00,00,5a,00,00,8f7,00,00,00,00,
09/29/2020, 23:43:12 : yoc_live,56,66,01,00,00,00,00,00,00,00,00,03,00,02,00,00,00,00,5a,00,00,8f7,00,00,00,00,
09/29/2020, 23:43:12 : yoc_live,56,66,01,00,00,00,00,00,00,00,00,03,00,02,00,00,00,00,5a,00,00,374,00,00,00,00,
09/29/2020, 23:43:12 : yoc_live,56,66,01,00,00,00,00,00,00,00,00,03,00,02,00,00,00,00,5a,00,00,69,00,00,00,00,
09/29/2020, 23:46:11 : yoc_live,56,66,01,00,00,00,00,00,00,00,00,00,00,02,00,00,00,00,57,00,00,6c,00,00,00,00,
09/29/2020, 23:46:11 : yoc_live,56,66,01,00,00,00,00,00,00,00,00,01,00,02,00,00,00,00,57,00,00,6c,00,00,00,00,
09/29/2020, 23:46:41 : yoc_live,56,66,01,00,00,00,00,00,00,00,00,02,00,02,00,00,00,00,56,00,00,69,00,00,00,00,
09/29/2020, 23:46:41 : yoc_live,56,66,01,00,00,00,00,00,00,00,00,02,00,02,00,00,00,00,56,00,00,89b,00,00,00,00,
09/29/2020, 23:47:21 : yoc_live,56,66,01,00,00,00,00,00,00,00,00,03,00,02,00,00,00,00,5a,00,00,8e9,00,00,00,00,
09/29/2020, 23:47:21 : yoc_live,56,66,01,00,00,00,00,00,00,00,00,03,00,02,00,00,00,00,5a,00,00,8e9,00,00,00,00,
09/29/2020, 23:47:21 : yoc_live,56,66,01,00,00,00,00,00,00,00,00,03,00,02,00,00,00,00,5a,00,00,516,00,00,00,00,
09/29/2020, 23:47:21 : yoc_live,56,66,01,00,00,00,00,00,00,00,00,03,00,02,00,00,00,00,5a,00,00,69,00,00,00,00,
09/29/2020, 23:50:21 : yoc_live,56,66,01,00,00,00,00,00,00,00,00,00,00,02,00,00,00,00,56,00,00,69,00,00,00,00,
09/29/2020, 23:50:21 : yoc_live,56,66,01,00,00,00,00,00,00,00,00,01,00,02,00,00,00,00,56,00,00,69,00,00,00,00,
09/29/2020, 23:50:51 : yoc_live,56,66,01,00,00,00,00,00,00,00,00,02,00,02,00,00,00,00,56,00,00,6c,00,00,00,00,
09/29/2020, 23:50:51 : yoc_live,56,66,01,00,00,00,00,00,00,00,00,02,00,02,00,00,00,00,56,00,00,6b5,00,00,00,00,
09/29/2020, 23:50:51 : yoc_live,56,66,01,00,00,00,00,00,00,00,00,02,00,02,00,00,00,00,57,00,00,93e,00,00,00,00,
09/29/2020, 23:51:32 : yoc_live,56,66,01,00,00,00,00,00,00,00,00,03,00,02,00,00,00,00,5a,00,00,901,00,00,00,00,
09/29/2020, 23:51:32 : yoc_live,56,66,01,00,00,00,00,00,00,00,00,03,00,02,00,00,00,00,5a,00,00,901,00,00,00,00,
09/29/2020, 23:51:32 : yoc_live,56,66,01,00,00,00,00,00,00,00,00,03,00,02,00,00,00,00,5a,00,00,7cb,00,00,00,00,
09/29/2020, 23:51:32 : yoc_live,56,66,01,00,00,00,00,00,00,00,00,03,00,02,00,00,00,00,5a,00,00,69,00,00,00,00,
09/29/2020, 23:54:32 : yoc_live,56,66,01,00,00,00,00,00,00,00,00,00,00,02,00,00,00,00,57,00,00,69,00,00,00,00,
09/29/2020, 23:54:32 : yoc_live,56,66,01,00,00,00,00,00,00,00,00,01,00,02,00,00,00,00,57,00,00,69,00,00,00,00,
09/29/2020, 23:55:02 : yoc_live,56,66,01,00,00,00,00,00,00,00,00,02,00,02,00,00,00,00,56,00,00,69,00,00,00,00,
09/29/2020, 23:55:02 : yoc_live,56,66,01,00,00,00,00,00,00,00,00,02,00,02,00,00,00,00,56,00,00,74e,00,00,00,00,
09/29/2020, 23:55:02 : yoc_live,56,66,01,00,00,00,00,00,00,00,00,02,00,02,00,00,00,00,57,00,00,90e,00,00,00,00,
09/29/2020, 23:55:46 : yoc_live,56,66,01,00,00,00,00,00,00,00,00,03,00,02,00,00,00,00,5b,00,00,8fd,00,00,00,00,
09/29/2020, 23:55:46 : yoc_live,56,66,01,00,00,00,00,00,00,00,00,03,00,02,00,00,00,00,5b,00,00,8fd,00,00,00,00,
09/29/2020, 23:55:46 : yoc_live,56,66,01,00,00,00,00,00,00,00,00,03,00,02,00,00,00,00,5a,00,00,410,00,00,00,00,
09/29/2020, 23:55:46 : yoc_live,56,66,01,00,00,00,00,00,00,00,00,03,00,02,00,00,00,00,5a,00,00,6c,00,00,00,00,
09/29/2020, 23:58:45 : yoc_live,56,66,00,00,00,00,00,00,00,00,00,00,00,00,00,00,00,00,57,00,00,6c,00,00,00,00,
09/29/2020, 23:58:45 : yoc_live,56,66,01,00,00,00,00,00,00,00,00,01,00,00,00,00,00,00,57,00,00,6c,00,00,00,00,
09/29/2020, 23:59:15 : yoc_live,56,66,01,00,00,00,00,00,00,00,00,02,00,00,00,00,00,00,57,00,00,6c,00,00,00,00,
09/29/2020, 23:59:15 : yoc_live,56,66,01,00,00,00,00,00,00,00,00,02,00,00,00,00,00,00,56,00,00,7d2,00,00,00,00,
09/29/2020, 23:59:15 : yoc_live,56,66,01,00,00,00,00,00,00,00,00,02,00,00,00,00,00,00,57,00,00,93e,00,00,00,00,
09/30/2020, 00:00:01 : yoc_live,56,66,01,00,00,00,00,00,00,00,00,03,00,00,00,00,00,00,5b,00,00,8f7,00,00,00,00,
09/30/2020, 00:00:01 : yoc_live,56,66,01,00,00,00,00,00,00,00,00,03,00,00,00,00,00,00,5b,00,00,8f7,00,00,00,00,
09/30/2020, 00:00:01 : yoc_live,56,66,01,00,00,00,00,00,00,00,00,03,00,00,00,00,00,00,5a,00,00,6fc,00,00,00,00,
09/30/2020, 00:00:01 : yoc_live,56,66,01,00,00,00,00,00,00,00,00,03,00,00,00,00,00,00,5a,00,00,6c,00,00,00,00,
